anise             1453  11100   4600   6130   8434   9249   2232  10746   4745   2764   5604    850     12    851    210   7214   7322   3939   2222   3213   1620   2156   6784   7538    706   6199  12558   1370    169    250  10760   3739   7064   1583   5674   6766   4167    948     62     28   1450   5805   9403   3966   2169  10244   4359   8056   3794  10881   2859    715  10075   1816    196   3506   3454   3576   6269    835 
apricot            944     14   1591    142    372    568   1374    154    582    651   1952   1932   2302   1220   1589     11    846    209   1791     14    368   1315    443    628    133   1533    165   2105    525     23   1033   1579    550   1165   1164    447    381    175   1693   1627   1569   1149   1130    633     58     22   1661    400    279    290    375   1257    217    300   2250    460    578    415   1330   1387 
artichoke          883    155    278    720     23    175     15    206    560    937    144    387    303    680    730    426    195    646     66    430    928    729    404    320    815    269     15    256    877   1050     37      7    144    199    361    324    253    605    185    334    512    149     26    510    229     91    207     73    237    282    922    395    122    557    465    400    512    825     27    609 
arugula            228     35     69    158      9     44      2     48    115    231     29    109     63    169    184    105     57    148     12     86    216    164     97     70    205     64      6     55    190    258      6      1     35     42     81     73     63    136     28     79     86     29      7    134     47     21     57     13     52     67    198     94     44    135    105     84    114    167      3    134 
asparagus          608      5   1065     89    262    409    859     87    357    399   1210   1315   1421    782   1023      3    571    125   1116      9    220    841    268    397     90   1025    117   1352    323     18    635   1010    364    765    744    291    221    128   1061   1038    998    704    718    414     22     11   1029    225    175    188    257    791    156    199   1429    261    354    255    849    887 
avocado           4302    646   1309   3114    120    786     91    969   2605   4461    675   1854   1449   3260   3494   2039   1028   2770    305   1925   4248   3332   1850   1492   4105   1142     78   1263   4380   4819    162     24    768    873   1652   1506   1215   2837    809   1596   2372    667    131   2484   1037    391    880    353   1101   1302   3937   1629    758   2770   2235   1819   2404   3776    132   2762 
banana            2315    356    741   1656     77    444     36    467   1364   2353    340    996    732   1787   1826   1122    538   1464    168   1067   2427   1876   1008    775   2217    635     33    657   2407   2452    100      6    454    461    894    781    720   1564    434    812   1297    334     65   1371    485    186    502    180    559    694   2150    939    353   1429   1132   1001   1311   2016     62   1535 
basil               97    494    433    650   1926    489   2745    899    767    190    240    481    702    506    797   1559   1003   1644   1965   2954   1138    428   1323    708   2225     43   1169    863   1041   1379    361   1869   1025   3039    709   1592   2168   2380   2424   1309    703   1308    584   1393   4182   1169    366   1952   3281    573     90   1680    589   1740    317   1668   1942   1088   1109   1345 
beet              1658    248    490   1237     49    289     17    333   1018   1623    260    697    548   1190   1277    747    453   1067    140    723   1629   1308    678    548   1547    450     31    481   1763   1858     64      9    301    315    607    541    493   1113    319    528    863    229     56    976    393    154    318    114    413    528   1554    701    285   1013    846    661    840   1366     50   1000 
blackberry        2773    366    830   2014    101    478     48    612   1624   2726    419   1123    873   2081   2159   1270    624   1640    194   1267   2664   2093   1135    919   2522    699     51    786   2801   2872    133     19    520    585   1048    907    772   1788    511    947   1422    418     72   1556    628    242    583    219    678    832   2392   1006    416   1665   1339   1128   1483   2348     70   1668 
blueberry         1032     14   1620    146    442    620   1389    181    587    696   1959   2139   2249   1270   1661      7    912    236   1864     12    406   1392    437    619    138   1627    183   2184    582     28   1030   1607    617   1097   1212    436    389    173   1644   1610   1632   1155   1203    681     60     34   1654    361    312    308    385   1309    240    326   2281    437    604    418   1356   1424 
broccoli          4084    552   1222   3001    114    760     72    924   2492   4164    658   1687   1343   3135   3275   1962    985   2632    287   1901   4128   3210   1736   1327   3902   1051     81   1182   4304   4602    154     14    735    827   1595   1391   1178   2793    738   1549   2200    617    116   2388    968    378    823    334   1033   1373   3826   1670    678   2549   2110   1683   2313   3584    118   2544 
butternut           47    225    185    327    847    205   1243    438    428    101    117    224    296    250    378    723    485    769    891   1369    563    206    594    338   1068     19    515    367    476    615    213    874    450   1412    309    705   1034   1110   1141    577    359    635    319    633   1993    561    184    908   1542    283     37    789    287    814    161    843    897    516    510    689 
cabbage             11     66     51     66    249     64    397    120    109     22     39     51     96     72     98    209    126    214    269    375    163     57    173     96    316      5    162    125    131    204     39    248    117    378    103    206    280    318    299    173     89    174     73    161    529    147     53    261    490     87     13    219     79    215     37    269    269    133    146    217 
cantaloupe          35    268    110    155    230    271     67    222    121     69    129     21      0     16     11    193    179    101     48     79     44     55    166    187     13    150    350     32      4      9    250     85    172     42    118    159    124     25      1      1     37    137    214    117     64    281    110    188    107    245     81     20    209     49      3     93     88     76    152     23 
caraway           1495    216    454   1147     32    240     23    301    880   1499    235    630    482   1088   1155    729    334    933    110    682   1512   1244    658    565   1403    372     23    454   1514   1631     66     10    272    307    579    532    448    973    260    534    817    201     53    868    324    144    283    118    396    512   1397    596    244    947    750    611    848   1312     41    969 
carrot             595      5    931     75    222    330    707     81    328    357   1091   1113   1281    669    985      6    500    125   1016      8    225    797    253    337     78    869     79   1250    300     14    591    893    335    594    657    206    207    113    995    941    881    634    674    311     30     15    922    183    159    170    210    707    124    197   1347    241    353    243    707    720 
cauliflower        910     14   1451    115    316    476   1156    143    534    559   1664   1859   1948   1052   1426     11    776    183   1619     12    357   1196    392    500    116   1404    149   1912    458     25    919   1403    491    949   1032    353    309    166   1415   1409   1418   1010   1036    581     45     15   1492    302    226    226    377   1046    211    251   1970    378    526    348   1133   1250 
cayenne           1048     13   1757    169    417    579   1466    158    578    717   2142   2268   2349   1401   1814      8    958    255   2025     13    348   1523    499    640    141   1682    167   2286    583     24   1085   1721    568   1190   1259    485    400    174   1753   1748   1647   1244   1249    715     62     26   1775    364    308    302    395   1380    240    368   2438    474    672    407   1438   1477 
celery              12     54     42     69    213     55    315    107    112     19     28     47     87     51     84    181    112    196    221    323    127     55    146     73    247      5    125     94    106    158     38    196    102    335    102    164    258    265    283    150     72    149     75    154    474    124     32    212    349     56      8    208     66    197     29    180    226    124    117    164 
chard              253   1557   1252   1907   5784   1415   8360   2883   2456    564    723   1336   2062   1573   2332   4335   2953   4879   5850   8828   3476   1318   4016   2122   6369    128   3543   2530   3039   4173   1151   5543   3034   9048   2177   4739   6390   6968   6960   3978   2269   3944   1849   3995  12386   3407   1117   5962  10043   1827    262   5148   1733   5287   1016   5196   5704   3183   3136   4188 
cherry              12     52     36     60    205     50    267     90     69     20     19     40     73     58     71    144    106    161    204    293     90     26    125     54    206      2    102     73     98    136     38    176    104    298     70    148    200    242    222    110     72    115     41    137    425    106     32    187    365     63      7    178     50    175     29    163    171     94    112    153 
chestnut             1     20     14      6     23     16      4     20     13      7     11      2      0      1      1      5     10      9      2      8      3      5     17     16      1      9     21      2      1      1     21      9     18      2     13      9      5      3      0      0      4     17     19      4      3     19     11     16     13     21      6      1     22      4      0      9      8      6      5      0 
chickpea          1065      8   1669    154    389    597   1403    157    635    697   1924   2111   2265   1249   1644      6    889    216   1934      9    424   1347    425    664    134   1667    177   2216    543     25   1073   1673    567   1195   1162    446    406    208   1747   1681   1501   1213   1211    665     56     28   1765    405    310    309    386   1343    233    330   2433    429    631    433   1362   1454 
cilantro           158     20     33    134      2     33      5     39    101    144     32     58     52    124    129     74     45     93      7     76    173    116     82     50    142     40      4     43    158    168     11      2     36     41     63     58     56    126     25     59     72     36      5    103     41     20     36     12     39     48    165     86     27     90     82     73     86    152      7    112 
clementine         452     10    736     74    206    293    671     77    251    342    905    957   1026    575    772      3    428    103    849      6    187    659    218    293     56    702     66    938    228     13    477    751    257    513    511    192    191     90    778    712    755    544    546    291     23     11    810    177    116    137    186    549    110    161   1085    203    277    194    588    709 
coconut           7056     74  11011   1051   2747   4052   8890   1060   4102   4650  13064  13907  15456   8400  11142     61   6095   1414  12518     72   2562   9311   3010   4154    882  10718   1176  14673   3738    157   7175  10807   3841   7715   7910   2885   2612   1214  11389  11064  10819   7885   8053   4370    388    160  11159   2511   1880   1948   2706   8540   1560   2246  14974   2995   4112   2821   9094   9419 
coriander          976     14   1509    137    365    549   1290    153    588    596   1836   1921   2170   1119   1540      3    835    203   1776      9    377   1336    391    594    118   1522    157   2112    527     21   1032   1501    557   1082   1121    386    360    188   1558   1623   1506   1145   1138    654     52     25   1641    357    279    281    419   1144    221    315   2171    421    582    402   1244   1338 
cranberry           38    253    102    156    225    220     37    249    112     58    124     12      0     20      3    162    172     79     56     85     36     46    163    197     12    156    305     20      1      3    241     98    159     35    117    154     91     33      1      0     51    135    243     75     55    258    123    214     88    272     60     17    248     41      9     86     74     82    152     17 
cucumber           255     34     82    194      7     44      5     54    170    233     44     93     79    200    186    125     70    166     17    102    260    223    105     78    233     68      3     83    275    249     13      2     46     51     98     86     78    139     58     83    140     38      8    133     73     27     42     15     80     70    245    101     42    152    118     86    136    211      3    172 
currant            119     23     43     77      4     17      4     29     67    134     24     46     42     95     97     56     27     63      9     49    104     96     73     35    110     35      2     35    113    132      3      1     26     16     54     38     38     83     22     40     65     28      8     79     33     14     30      7     35     35    116     39     27     69     55     49     61    117      5     75 
eggplant           187     32     61    140      7     35      5     32    121    198     31     70     62    150    154     84     44    106      9     84    183    163     84     63    169     47      4     43    167    192      2      2     38     35     75     47     52    110     40     63     96     29      6    100     41     16     44     15     47     57    170     69     31    107     94     67     99    183      4    117 
elderberry         349     37     99    255     10     75      5     75    222    338     46    154    122    274    269    160     95    220     30    167    366    252    150    137    303     90      3     98    392    358     14      2     66     68    128    122    108    238     65    147    160     38     13    197     83     28     68     19     86    116    332    125     61    212    189    157    185    311     15    209 
endive             974     10   1648    150    372    561   1304    161    572    623   1822   1960   2103   1215   1524      6    815    201   1747     12    361   1287    450    544    119   1421    165   2013    525     16   1063   1497    584   1083   1095    388    346    154   1556   1616   1504   1103   1100    626     54     27   1576    330    246    257    345   1227    224    305   2169    401    576    418   1230   1341 
fennel              90    508    406    621   1905    443   2696    939    795    184    244    450    637    503    751   1433   1028   1547   1819   2809   1101    423   1290    687   2139     52   1216    852    932   1290    344   1823    960   3034    708   1453   2140   2287   2243   1269    696   1239    576   1311   4030   1186    333   1838   3103    536     99   1679    579   1644    367   1690   1823   1081   1047   1295 
fig                 16    158     81     99    139    145     30    166     82     55     96     12      0      8      3     95     93     47     42     56     26     35    116    135     13     79    175     19      1      7    171     59    102     24     90    112     64     16      1      0     16     92    163     69     26    172     67    132     60    150     41      9    177     32      2     52     61     54     98     11 
garlic              28    183    155    221    734    189   1034    370    299     78     95    190    259    191    298    578    408    563    738   1101    433    145    485    265    821      9    465    318    373    532    133    699    401   1126    282    595    814    798    917    488    284    486    215    483   1561    470    140    774   1191    238     47    656    209    630    135    638    766    411    409    543 
ginger            2317    341    669   1733     54    380     43    490   1431   2258    394   1033    774   1792   1876   1101    615   1521    180   1091   2403   1823    994    795   2141    620     47    673   2373   2634     92     17    402    481    885    783    741   1554    445    865   1209    319     57   1370    535    214    446    167    613    740   2118    921    426   1455   1126    927   1226   2025     90   1495 
gooseberry          55      8     16     42      2      8      1      6     21     51      9     16     16     41     35     18     10     31      3     17     47     40     17     22     36     18      1     15     45     53      0      1      6      4     15     12     13     27      3     10     18     11      0     34      9      8     15      3     13     15     40     21      2     30     21     19     40     28      2     24 
grape              769    281   1254    265    518    623   1013    363    579    586   1496   1581   1600    911   1230    185    805    257   1479     91    304   1007    519    636    121   1332    446   1601    394     33   1027   1294    582    793   1044    439    397    151   1191   1222   1167   1015   1107    631     96    285   1328    467    327    437    383    994    437    295   1662    409    518    386   1157   1063 
grapefruit        1894    259    560   1412     65    341     36    427   1126   1899    309    793    596   1393   1537    864    492   1242    132    847   1905   1468    833    652   1853    550     29    549   1939   2128     84     13    375    386    734    625    563   1222    352    668    953    295     44   1059    455    172    361    129    463    620   1680    781    326   1269    965    733   1052   1623     47   1132 
guava             2047    303    672   1527     68    358     30    448   1211   2243    311    899    684   1622   1658   1045    462   1269    149    935   2144   1715    924    689   1898    569     41    600   2096   2309     90      8    386    420    793    704    569   1422    371    726   1167    287     47   1218    468    194    400    175    545    623   1909    875    349   1261   1112    885   1192   1825     68   1306 
honeydew           294     33    109    229     11     46      4     58    151    326     60    139    111    235    280    164     93    201     18    141    336    250    127     92    268     86      4    100    325    334     11      3     50     71    127     96     86    204     71    121    185     51      5    195     78     31     72     27     69     93    283    115     54    194    165    132    182    277     12    190 
horseradish       1799    242    512   1291     55    303     27    388   1025   1695    272    681    573   1314   1396    828    374   1103    131    790   1699   1405    739    559   1622    484     25    523   1787   1882     68      7    347    391    673    551    486   1095    302    638    908    270     42   1060    399    153    359    137    406    553   1602    708    304   1052    863    728    932   1576     43   1088 
huckleberry        208   1166    991   1432   4446   1081   6609   2220   1823    388    526   1020   1512   1251   1774   3523   2337   3805   4575   6684   2659   1004   3228   1665   5102    107   2822   1953   2414   3065    921   4151   2318   7120   1676   3736   5195   5528   5506   3155   1814   2921   1424   3185   9781   2787    812   4622   7758   1366    254   4165   1353   3907    810   4048   4406   2605   2575   3232 
juniper            727    108    216    572     21    135     18    161    439    738    125    311    220    551    580    352    176    424     46    338    732    558    296    258    657    204     10    208    739    828     29      2    151    156    304    270    219    495    128    302    402     98     27    410    172     65    158     57    169    201    690    293    109    486    351    295    403    597     19    471 
kiwi              1301    194    398   1076     43    254     17    300    851   1426    217    588    467   1021   1092    640    351    867    113    649   1413   1082    629    454   1269    402     26    387   1397   1533     60      6    263    308    529    456    439    903    283    509    744    207     37    776    334    112    276    101    336    450   1290    610    241    809    682    589    789   1151     47    860 
kohlrabi          3761   5893   6796   3512   5533   6417   4931   5982   4092   3257   8346   6252   6428   3985   4750   3839   6244   2612   6252   1669   1972   5024   4911   5547    797   7866   7106   6733   1705    176   8499   6686   5468   4014   6481   4683   3115    920   4761   4588   5273   6229   8208   4015   1278   5414   6877   5183   2862   6419   2555   3968   5920   1912   6470   3084   3572   2985   6995   4251 
lavender           843      3   1273    105    303    457   1052    130    515    497   1404   1653   1811    963   1334      8    667    170   1453     11    287   1142    352    480    114   1205    142   1695    429     10    837   1224    473    864    911    310    265    147   1310   1282   1205    899    911    500     43     11   1321    253    210    239    294   1008    187    265   1713    334    482    341   1009   1006 
leek              1467  11164   4570   6099   8377   9352   2158  10486   4637   2703   5626    867     11    865    227   7165   7114   3844   2259   3223   1650   2165   6745   7555    765   6159  12539   1346    167    272  10715   3818   7074   1633   5653   6831   4093    892     58     34   1421   5752   9380   3994   2101  10313   4431   8119   3880  10691   2884    687  10094   1781    195   3514   3398   3465   6366    749 
lentil             886   7067   2865   3947   5329   5831   1458   6668   3010   1741   3542    498      7    517    141   4619   4434   2492   1377   1984   1041   1376   4208   4663    481   4030   8101    835    112    160   6795   2304   4517    956   3492   4309   2548    543     39     26    898   3550   5778   2662   1342   6597   2754   5013   2322   6731   1805    415   6237   1056    123   2260   2200   2240   3997    485 
lettuce             14      3      8     11      0      1      0      4     10     17      5      9      5     16     11     14      4     17      1      9     19     20     10      4     23      3      1      5     19     18      1      0      4      1      6      6      3      8      6      6     14      2      0     15      7      3      4      0      2      5     18      8      4     16     12      9     10     16      1     15 
lime              1697    250    530   1190     47    314     29    373   1006   1645    273    669    525   1277   1341    762    411   1043    119    809   1710   1260    740    554   1569    466     25    507   1701   1898     74      5    304    329    657    552    483   1092    295    647    882    246     33   1019    377    149    376    134    422    586   1506    689    265   1094    778    699    948   1399     51   1027 
maize             1279    197    389    951     39    250     18    263    753   1264    201    493    395    926   1042    603    305    777    100    620   1245    970    549    419   1162    348     23    366   1289   1397     62      9    213    242    475    403    369    844    223    468    665    199     27    723    295    118    240     98    331    398   1213    482    238    781    654    547    739   1085     43    822 
mango             2606     29   3991    378   1029   1421   3316    440   1537   1652   4802   5290   5781   3099   4150      9   2227    526   4618     23   1026   3460   1145   1568    353   3927    413   5456   1361     76   2712   4130   1458   2837   2919   1059    987    409   4348   4032   3969   2934   3017   1671    133     68   4256    942    763    704    956   3318    570    838   5783   1111   1545   1109   3272   3509 
melon              280   2373    956   1216   1629   1878    442   2140    984    590   1191    154      4    161     48   1533   1504    834    467    611    326    437   1424   1624    154   1265   2564    315     34     65   2205    710   1492    326   1172   1406    855    181     11      8    335   1191   2015    869    420   2163    888   1600    773   2216    585    138   2015    340     45    741    704    727   1295    141 
mulberry            59    317    289    413   1235    300   1795    639    497    117    143    283    430    328    517    941    674    981   1305   1905    719    285    859    464   1446     27    779    540    645    965    255   1263    621   1987    487   1082   1396   1516   1491    871    493    845    399    856   2655    789    278   1281   2111    382     66   1196    383   1124    213   1142   1196    724    731    914 
mushroom           110    658    569    841   2548    630   3742   1252   1036    251    314    576    912    713   1002   2102   1300   2126   2635   3969   1556    527   1767    972   2878     71   1562   1161   1385   1896    502   2374   1340   3905    963   2065   2990   3152   3155   1836   1040   1771    796   1818   5381   1580    532   2643   4520    830    125   2336    748   2213    447   2295   2519   1456   1450   1913 
mustard            300     43     95    215     11     48      7     54    196    291     39    121    103    233    226    123     81    180     16    118    270    227    125    105    248     84      5     94    271    345     13      1     37     67    103     98     72    199     59     94    166     47     13    189     61     21     55     26     75     96    294    119     49    181    131    125    151    249      9    169 
nectarine           70    352    290    461   1330    352   2014    700    546    122    170    326    494    376    571   1067    691   1182   1367   2158    808    263    937    521   1606     28    816    599    687    991    289   1342    696   2119    498   1131   1536   1647   1656    957    537    886    448    995   3011    821    257   1417   2362    409     58   1270    401   1209    251   1289   1453    819    753    958 
okra               360     53    135    283      8     59      6     96    222    412     58    140    139    296    297    184    107    244     21    184    355    296    155    113    355     94     10    103    412    416     19      3     67     76    142    142    108    253     62    140    183     58      7    222     84     28     66     26     99    118    362    141     74    216    200    144    209    337      7    239 
olive               24    130    114    160    497    122    741    203    198     42     51    125    181    143    200    354    251    400    502    771    298    107    330    182    596     13    346    233    260    345     88    453    252    781    172    397    550    572    647    315    165    373    145    346   1074    309     86    484    891    169     15    471    126    419     70    448    475    284    283    353 
onion              142      2    213     27     57     76    158     17     67     89    259    274    307    174    218      0    114     37    244      0     59    173     61     82     10    230     26    308     75      1    127    217     78    140    152     61     72     16    218    237    218    140    162     87      5      4    226     56     33     43     60    160     31     26    297     64     88     63    157    178 
orange             678   5266   2138   2886   3960   4292   1053   4994   2194   1290   2627    446      4    389    107   3393   3366   1777   1069   1515    729   1064   3247   3630    344   2980   5931    676     73    135   5140   1854   3418    775   2622   3201   1937    438     28     27    692   2743   4505   1891    992   4994   2057   3795   1837   5058   1373    329   4759    854     98   1559   1685   1691   3009    393 
oregano             27      6      4     23      0      4      0      4      8     24      5     10      7     22     27     12      5     15      1     12     15     21      8      6     32      4      0      8     19     26      0      0      6      4      9      5      7     21      8      7     20      6      0     20      5      2      7      3      8      5     22      7      2     11      8     12     20     27      0     18 
papaya             639   5124   2025   2773   3838   4225    947   4857   2118   1199   2578    379      6    367    111   3233   3330   1778   1005   1483    732    989   3138   3419    323   2807   5841    594     79    115   4822   1703   3230    711   2618   3126   1852    405     25     16    669   2657   4330   1860    954   4694   1949   3708   1679   4817   1356    326   4637    745     98   1564   1533   1589   2907    365 
parsley            235   1713    724   1029   1339   1412    373   1708    710    415    923    126      2    121     42   1217   1110    631    383    503    266    319   1068   1240    102   1057   2034    210     28     53   1770    580   1186    248    894   1086    635    141      6      6    237    898   1467    686    314   1605    758   1348    600   1766    463    127   1693    262     33    587    597    600   1030    118 
parsnip            735    122    200    557     25    149     12    161    450    752    100    306    247    590    597    359    191    490     56    349    747    569    303    250    689    189     10    200    741    806     28      4    156    135    291    235    202    461    136    262    390    116     36    353    144     70    157     61    195    239    650    289    109    450    354    284    436    626     16    481 
pea                191      1    307     26     81    123    263     38    133    136    354    352    432    250    335      1    201     40    353      4     75    264     77    110     26    337     24    388     87     10    210    319     94    199    201     89     73     39    302    315    290    227    225    132     16      7    332     73     56     66     64    263     47     61    409     76    106     80    264    274 
peach             4207    654   1301   3180    135    810     63    945   2618   4332    690   1696   1363   3321   3441   2013   1022   2702    320   1890   4406   3448   1930   1464   3967   1115     69   1318   4305   4703    179     19    772    780   1670   1518   1251   2866    828   1624   2374    639    121   2571    928    413    871    271   1093   1357   3985   1671    720   2708   2071   1758   2365   3749    123   2650 
pear                51    207    198    297    842    219   1196    404    368     94    115    196    316    218    332    641    446    682    825   1300    517    183    579    309    971     26    532    391    406    599    189    822    418   1323    318    663    928   1051   1001    590    326    606    266    608   1829    500    177    832   1468    242     41    775    258    760    156    737    868    470    455    659 
pepper             482    327    831    246    415    540    641    393    369    340    994    894    994    539    718    241    599    195    864     98    215    630    406    475     78    863    462    954    265     20    813    800    421    516    651    367    286     89    728    648    701    659    791    404     86    289    814    353    256    431    252    539    427    194    961    304    357    293    732    564 
persimmon         2259     30   3628    346    863   1294   2900    358   1292   1498   4211   4682   5096   2768   3588     19   1994    480   4162     25    877   3064    996   1383    318   3616    375   4828   1247     70   2350   3702   1243   2545   2668    992    841    414   3645   3649   3436   2540   2706   1490    124     51   3721    773    638    687    866   2814    530    775   5092    956   1333    948   2990   3103 
pineapple         3101    496    965   2451     90    571     60    695   1913   3282    539   1256   1023   2382   2512   1552    801   2019    225   1411   3227   2547   1368   1097   2958    857     57    920   3342   3507    144     19    585    630   1211   1082    893   2097    591   1211   1720    483    104   1857    740    291    675    257    842   1036   3006   1297    536   1954   1542   1363   1823   2772     93   2038 
plantain           341   2500   1003   1400   1967   2122    471   2429   1051    633   1243    187      2    170     53   1646   1613    878    497    729    376    490   1547   1664    170   1372   2830    309     35     63   2421    852   1654    353   1251   1548    853    175     16      7    326   1252   2071    876    492   2328   1011   1794    867   2529    675    160   2203    382     47    737    768    812   1473    181 
plum                22    105    102    137    428     99    651    217    188     40     46    117    156    121    179    348    265    376    450    658    283     87    289    179    504     17    294    184    240    322     78    438    221    675    158    338    522    531    527    343    170    289    129    313    928    249     77    445    794    125     12    413    133    419     83    370    477    253    258    300 
pomegranate        667   5085   2099   2810   3834   4190   1014   4959   2136   1212   2461    376      4    408    115   3386   3291   1859   1024   1487    734   1007   3068   3371    336   2901   5816    633     76    122   4834   1693   3250    706   2642   2990   1916    366     20     14    664   2657   4256   1832    927   4657   1914   3744   1791   4852   1307    296   4547    756    111   1594   1588   1513   2869    374 
potato            2788    400    808   1988     86    517     46    595   1638   2665    412   1097    875   2057   2134   1298    637   1696    233   1195   2682   2109   1167    893   2501    734     43    759   2737   2859    123     21    533    565   1032    949    777   1816    495    992   1341    408     73   1643    596    241    562    194    677    860   2461   1055    446   1653   1331   1142   1493   2289     80   1699 
pumpkin             39    342    262    401   1263    323   1701    582    528    104    149    255    437    320    457    982    635   1011   1298   1940    727    259    811    452   1411     28    783    542    662    869    257   1171    596   1897    467   1010   1370   1517   1469    858    446    838    412    884   2718    744    217   1245   1993    345     62   1064    385   1090    191   1100   1171    683    651    872 
quince             461     68    141    351      7     66     10    107    300    529     75    189    159    367    403    222    131    274     24    204    443    382    204    173    454    131      9    150    455    516     20      2     95    112    165    142    144    319     92    193    238     60     14    280    113     53    123     44    124    131    453    169     82    283    249    174    243    417     17    292 
radish              10     30     17     23     90     20    131     45     43      4     12     31     26     27     40     63     44     71     86    139     58     26     72     36    123      2     47     42     48     65     18     76     50    152     30     75     87     91    119     65     31     75     23     71    196     44     17     93    143     36      6     85     27     62     18     86     85     51     66     59 
raisin            1324    205    452   1020     44    220     23    329    771   1378    232    566    432   1081   1056    632    335    845    103    587   1365   1031    585    445   1236    366     26    440   1419   1538     64      8    277    280    527    431    420    909    255    508    750    231     31    760    314    120    288    115    354    429   1209    603    201    874    668    549    785   1201     39    844 
raspberry          373   2014   1714   2685   7689   2018  11618   3832   3261    713    959   1904   2899   2150   3049   6128   4030   6771   7926  12038   4843   1713   5427   2890   8934    190   4946   3410   4288   5702   1585   7465   4125  12628   3089   6334   8996   9648   9700   5473   3048   5375   2439   5438  16890   4789   1483   8038  13493   2350    364   7039   2337   6862   1401   6972   7877   4546   4475   5877 
rhubarb             89    468    404    674   1963    483   2950   1022    801    190    244    424    724    607    757   1519   1031   1763   1952   2995   1216    416   1322    772   2400     53   1176    860   1097   1486    384   1860   1034   3173    743   1569   2269   2432   2429   1393    788   1361    583   1447   4311   1218    372   2098   3429    635    101   1819    544   1739    346   1767   1919   1099   1152   1496 
rosemary          1529    223    426   1154     28    297     23    353    954   1536    235    627    474   1194   1288    721    361    998    108    697   1547   1267    618    497   1434    379     33    488   1565   1757     59      9    267    305    568    481    466   1032    299    552    796    217     44    900    305    147    300    123    407    469   1365    630    237    946    772    620    789   1372     54    993 
rutabaga           489     64    142    367     18     93      6     95    295    455     59    199    129    332    339    197     83    286     35    217    454    369    223    155    367    116      6    129    471    497     10      2    102     84    163    161    145    290     88    150    235     76     16    236    117     37     90     37    120    136    429    166     84    284    222    198    293    410     18    258 
sage              2697    392    731   1908     93    475     40    579   1594   2651    395   1057    789   1994   2003   1308    628   1585    200   1188   2576   2054   1147    946   2479    708     54    772   2641   2889     99     15    453    542    960    873    808   1811    480    964   1369    374     75   1516    570    239    484    181    642    855   2475   1114    464   1628   1313   1080   1477   2249     75   1609 
scallion          1371  10505   4344   5876   8094   8725   2102  10155   4487   2570   5356    817     14    795    245   6937   6713   3619   2166   2951   1602   2033   6499   7245    658   5908  11904   1265    165    235  10154   3526   6820   1471   5399   6402   3840    848     51     34   1397   5447   8898   3794   2069   9803   4209   7718   3656  10284   2640    651   9429   1616    207   3351   3289   3422   6055    758 
spinach           2682    401    836   1902     77    523     45    555   1635   2790    408   1123    820   2060   2157   1203    554   1665    196   1290   2690   2134   1141    929   2441    691     46    756   2673   2893    118     11    539    543    980    922    778   1831    499    940   1381    393     61   1516    594    246    567    190    673    813   2430   1071    433   1629   1330   1140   1531   2358     70   1689 
strawberry        3486    501   1064   2650     94    592     65    780   2194   3514    565   1486   1136   2706   2675   1652    819   2252    252   1578   3562   2737   1598   1166   3303    899     61   1064   3531   3925    144     15    590    693   1351   1145   1036   2242    665   1247   1821    528     96   2007    752    362    709    247    855   1061   3107   1360    557   2228   1782   1455   1890   3030     93   2177 
tamarind          1077     13   1649    177    433    628   1414    173    673    749   1990   2166   2337   1304   1752      8    979    214   1922     13    382   1455    500    705    157   1702    167   2322    618     21   1107   1555    548   1195   1244    435    391    193   1736   1676   1722   1216   1356    634     63     29   1782    391    334    296    413   1374    243    338   2436    439    625    459   1375   1464 
tangerine           13     76     60    102    295     78    477    159    117     30     45     72    104     85    120    251    162    250    355    493    197     66    215    126    354     12    171    138    160    230     39    308    166    481    132    240    356    420    392    230    104    249     86    218    711    192     72    304    502     85     13    288     85    294     48    268    321    183    181    230 
thyme             1208    187    389    885     29    227     24    278    713   1145    184    478    369    880    946    591    301    715     90    536   1199    893    523    432   1088    315     21    356   1224   1279     53      2    193    247    436    385    335    767    208    375    673    173     38    667    260    114    196     74    272    364   1067    494    182    700    592    515    597    972     26    748 
tomato             867    123    264    621     26    183      7    192    535    903    158    410    303    689    723    413    225    525     80    403    905    748    404    332    839    241     13    265    884    955     26      7    184    172    323    311    271    554    172    327    448    130     28    524    199     90    182     72    219    288    832    364    147    540    487    402    502    772     22    545 
turnip               3      0      0      3      1      2      0      2      7      6      0      5      3      6      3      1      3      7      0      6      7      6      4      0      7      0      0      2      7     11      1      0      0      1      1      2      0      3      2      0      6      0      0      3      4      1      1      0      3      2      3      2      2      3      2      0      1      5      0      1 
wasabi             391     54    102    287     11     67      6     78    247    425     60    152    129    299    319    181     88    252     28    190    388    298    181    122    368     74      7    103    397    476     17      3     71     81    149    149    116    276     66    147    249     63     14    242    103     37     78     20    115    112    335    133     58    268    200    141    216    322     10    236 
watercress        5149    755   1499   3871    136    923     79   1081   3300   5288    833   2170   1747   3942   4142   2539   1306   3322    384   2471   5217   4095   2274   1800   4944   1326     90   1580   5282   5779    217     26    990   1075   1996   1765   1602   3501   1006   1997   2810    741    154   3092   1174    508   1031    434   1286   1635   4759   2098    917   3411   2678   2147   2935   4367    153   3260 
watermelon          75    559    279    295    429    482    121    532    250    134    298     42      0     40     15    343    377    190    122    158     74    120    373    415     42    329    611     60     11     18    520    193    390     81    289    348    208     36      1      1     77    291    468    199    103    540    218    421    188    561    147     43    491    100     12    188    160    191    364     41 
yam                301   2598   1041   1369   1901   2034    507   2375   1029    628   1297    205      0    202     55   1650   1692    838    493    723    391    524   1520   1637    181   1421   2818    312     37     56   2396    836   1686    377   1300   1507    969    187     13      8    316   1309   2087    895    481   2255    971   1766    860   2432    671    168   2191    379     56    842    716    758   1392    172 
zucchini           101    872    345    494    656    717    150    832    383    230    418     65      5     72     23    523    557    290    181    252    111    163    559    592     74    471    976    106     11     23    868    276    571    127    422    545    311     69      6      3    115    449    716    319    158    794    326    604    284    837    223     50    728    141     14    275    271    309    513     61 
